---------------------------- A1 * x = b1 ---------------------------------
p1=1

A1:
2.800e+01	-6.000e+00	-1.000e+00	-6.000e+00	-3.000e+00	-4.000e+00	-3.000e+00	-4.000e+00	
-6.000e+00	3.500e+01	-1.000e+00	-6.000e+00	-5.000e+00	-6.000e+00	-3.000e+00	-8.000e+00	
-1.000e+00	-1.000e+00	1.900e+01	-6.000e+00	-8.000e+00	-2.000e+00	0.000e+00	-1.000e+00	
-6.000e+00	-6.000e+00	-6.000e+00	3.600e+01	-4.000e+00	-3.000e+00	-4.000e+00	-7.000e+00	
-3.000e+00	-5.000e+00	-8.000e+00	-4.000e+00	2.500e+01	0.000e+00	-1.000e+00	-4.000e+00	
-4.000e+00	-6.000e+00	-2.000e+00	-3.000e+00	0.000e+00	2.800e+01	-8.000e+00	-5.000e+00	
-3.000e+00	-3.000e+00	0.000e+00	-4.000e+00	-1.000e+00	-8.000e+00	2.100e+01	-2.000e+00	
-4.000e+00	-8.000e+00	-1.000e+00	-7.000e+00	-4.000e+00	-5.000e+00	-2.000e+00	3.100e+01	

A^-1:
1.000e+00	1.000e+00	1.000e+00	1.000e+00	1.000e+00	1.000e+00	1.000e+00	1.000e+00	
1.000e+00	1.055e+00	1.031e+00	1.031e+00	1.033e+00	1.032e+00	1.031e+00	1.034e+00	
1.000e+00	1.031e+00	1.092e+00	1.038e+00	1.048e+00	1.032e+00	1.029e+00	1.033e+00	
1.000e+00	1.031e+00	1.038e+00	1.055e+00	1.034e+00	1.030e+00	1.031e+00	1.033e+00	
1.000e+00	1.033e+00	1.048e+00	1.034e+00	1.074e+00	1.028e+00	1.029e+00	1.033e+00	
1.000e+00	1.032e+00	1.032e+00	1.030e+00	1.028e+00	1.065e+00	1.040e+00	1.033e+00	
1.000e+00	1.031e+00	1.029e+00	1.031e+00	1.029e+00	1.040e+00	1.077e+00	1.031e+00	
1.000e+00	1.034e+00	1.033e+00	1.033e+00	1.033e+00	1.033e+00	1.031e+00	1.061e+00	

cond(A^-1)=5.929e+02

x1(invA1*b1)=
8.000e+00
1.000e+00
4.000e+00
7.000e+00
4.000e+00
7.105e-14
4.000e+00
0.000e+00

x2(solution with decomp and solve)=
8.000e+00
1.000e+00
4.000e+00
7.000e+00
4.000e+00
-2.305e-14
4.000e+00
-2.262e-14

|x1-x2|=
4.885e-14
3.653e-14
9.370e-14
3.553e-14
9.281e-14
9.410e-14
6.528e-14
2.262e-14

||x2-x1||/||x1||=1.748e-14
---------------------------- A2 * x = b2 ---------------------------------
p2=1.000e-01

A2:
2.710e+01	-6.000e+00	-1.000e+00	-6.000e+00	-3.000e+00	-4.000e+00	-3.000e+00	-4.000e+00	
-6.000e+00	3.500e+01	-1.000e+00	-6.000e+00	-5.000e+00	-6.000e+00	-3.000e+00	-8.000e+00	
-1.000e+00	-1.000e+00	1.900e+01	-6.000e+00	-8.000e+00	-2.000e+00	0.000e+00	-1.000e+00	
-6.000e+00	-6.000e+00	-6.000e+00	3.600e+01	-4.000e+00	-3.000e+00	-4.000e+00	-7.000e+00	
-3.000e+00	-5.000e+00	-8.000e+00	-4.000e+00	2.500e+01	0.000e+00	-1.000e+00	-4.000e+00	
-4.000e+00	-6.000e+00	-2.000e+00	-3.000e+00	0.000e+00	2.800e+01	-8.000e+00	-5.000e+00	
-3.000e+00	-3.000e+00	0.000e+00	-4.000e+00	-1.000e+00	-8.000e+00	2.100e+01	-2.000e+00	
-4.000e+00	-8.000e+00	-1.000e+00	-7.000e+00	-4.000e+00	-5.000e+00	-2.000e+00	3.100e+01	

A^-1:
1.000e+01	1.000e+01	1.000e+01	1.000e+01	1.000e+01	1.000e+01	1.000e+01	1.000e+01	
1.000e+01	1.006e+01	1.003e+01	1.003e+01	1.003e+01	1.003e+01	1.003e+01	1.003e+01	
1.000e+01	1.003e+01	1.009e+01	1.004e+01	1.005e+01	1.003e+01	1.003e+01	1.003e+01	
1.000e+01	1.003e+01	1.004e+01	1.006e+01	1.003e+01	1.003e+01	1.003e+01	1.003e+01	
1.000e+01	1.003e+01	1.005e+01	1.003e+01	1.007e+01	1.003e+01	1.003e+01	1.003e+01	
1.000e+01	1.003e+01	1.003e+01	1.003e+01	1.003e+01	1.007e+01	1.004e+01	1.003e+01	
1.000e+01	1.003e+01	1.003e+01	1.003e+01	1.003e+01	1.004e+01	1.008e+01	1.003e+01	
1.000e+01	1.003e+01	1.003e+01	1.003e+01	1.003e+01	1.003e+01	1.003e+01	1.006e+01	

cond(A^-1)=5.777e+03

x1(invA2*b2)=
8.000e+00
1.000e+00
4.000e+00
7.000e+00
4.000e+00
4.547e-13
4.000e+00
4.547e-13

x2(solution with decomp and solve)=
8.000e+00
1.000e+00
4.000e+00
7.000e+00
4.000e+00
1.427e-13
4.000e+00
1.430e-13

|x1-x2|=
3.126e-13
5.396e-13
5.391e-13
7.683e-13
5.391e-13
3.121e-13
8.438e-14
3.118e-13

||x2-x1||/||x1||=1.217e-13
---------------------------- A3 * x = b3 ---------------------------------
p3=1.000e-02

A3:
2.701e+01	-6.000e+00	-1.000e+00	-6.000e+00	-3.000e+00	-4.000e+00	-3.000e+00	-4.000e+00	
-6.000e+00	3.500e+01	-1.000e+00	-6.000e+00	-5.000e+00	-6.000e+00	-3.000e+00	-8.000e+00	
-1.000e+00	-1.000e+00	1.900e+01	-6.000e+00	-8.000e+00	-2.000e+00	0.000e+00	-1.000e+00	
-6.000e+00	-6.000e+00	-6.000e+00	3.600e+01	-4.000e+00	-3.000e+00	-4.000e+00	-7.000e+00	
-3.000e+00	-5.000e+00	-8.000e+00	-4.000e+00	2.500e+01	0.000e+00	-1.000e+00	-4.000e+00	
-4.000e+00	-6.000e+00	-2.000e+00	-3.000e+00	0.000e+00	2.800e+01	-8.000e+00	-5.000e+00	
-3.000e+00	-3.000e+00	0.000e+00	-4.000e+00	-1.000e+00	-8.000e+00	2.100e+01	-2.000e+00	
-4.000e+00	-8.000e+00	-1.000e+00	-7.000e+00	-4.000e+00	-5.000e+00	-2.000e+00	3.100e+01	

A^-1:
1.000e+02	1.000e+02	1.000e+02	1.000e+02	1.000e+02	1.000e+02	1.000e+02	1.000e+02	
1.000e+02	1.001e+02	1.000e+02	1.000e+02	1.000e+02	1.000e+02	1.000e+02	1.000e+02	
1.000e+02	1.000e+02	1.001e+02	1.000e+02	1.000e+02	1.000e+02	1.000e+02	1.000e+02	
1.000e+02	1.000e+02	1.000e+02	1.001e+02	1.000e+02	1.000e+02	1.000e+02	1.000e+02	
1.000e+02	1.000e+02	1.000e+02	1.000e+02	1.001e+02	1.000e+02	1.000e+02	1.000e+02	
1.000e+02	1.000e+02	1.000e+02	1.000e+02	1.000e+02	1.001e+02	1.000e+02	1.000e+02	
1.000e+02	1.000e+02	1.000e+02	1.000e+02	1.000e+02	1.000e+02	1.001e+02	1.000e+02	
1.000e+02	1.000e+02	1.000e+02	1.000e+02	1.000e+02	1.000e+02	1.000e+02	1.001e+02	

cond(A^-1)=5.762e+04

x1(invA3*b3)=
8.000e+00
1.000e+00
4.000e+00
7.000e+00
4.000e+00
7.276e-12
4.000e+00
5.457e-12

x2(solution with decomp and solve)=
8.000e+00
1.000e+00
4.000e+00
7.000e+00
4.000e+00
8.531e-12
4.000e+00
8.532e-12

|x1-x2|=
4.892e-12
3.074e-12
1.035e-11
1.257e-12
6.713e-12
1.256e-12
4.894e-12
3.075e-12

||x2-x1||/||x1||=1.268e-12
---------------------------- A4 * x = b4 ---------------------------------
p4=1.000e-04

A4:
2.700e+01	-6.000e+00	-1.000e+00	-6.000e+00	-3.000e+00	-4.000e+00	-3.000e+00	-4.000e+00	
-6.000e+00	3.500e+01	-1.000e+00	-6.000e+00	-5.000e+00	-6.000e+00	-3.000e+00	-8.000e+00	
-1.000e+00	-1.000e+00	1.900e+01	-6.000e+00	-8.000e+00	-2.000e+00	0.000e+00	-1.000e+00	
-6.000e+00	-6.000e+00	-6.000e+00	3.600e+01	-4.000e+00	-3.000e+00	-4.000e+00	-7.000e+00	
-3.000e+00	-5.000e+00	-8.000e+00	-4.000e+00	2.500e+01	0.000e+00	-1.000e+00	-4.000e+00	
-4.000e+00	-6.000e+00	-2.000e+00	-3.000e+00	0.000e+00	2.800e+01	-8.000e+00	-5.000e+00	
-3.000e+00	-3.000e+00	0.000e+00	-4.000e+00	-1.000e+00	-8.000e+00	2.100e+01	-2.000e+00	
-4.000e+00	-8.000e+00	-1.000e+00	-7.000e+00	-4.000e+00	-5.000e+00	-2.000e+00	3.100e+01	

A^-1:
1.000e+04	1.000e+04	1.000e+04	1.000e+04	1.000e+04	1.000e+04	1.000e+04	1.000e+04	
1.000e+04	1.000e+04	1.000e+04	1.000e+04	1.000e+04	1.000e+04	1.000e+04	1.000e+04	
1.000e+04	1.000e+04	1.000e+04	1.000e+04	1.000e+04	1.000e+04	1.000e+04	1.000e+04	
1.000e+04	1.000e+04	1.000e+04	1.000e+04	1.000e+04	1.000e+04	1.000e+04	1.000e+04	
1.000e+04	1.000e+04	1.000e+04	1.000e+04	1.000e+04	1.000e+04	1.000e+04	1.000e+04	
1.000e+04	1.000e+04	1.000e+04	1.000e+04	1.000e+04	1.000e+04	1.000e+04	1.000e+04	
1.000e+04	1.000e+04	1.000e+04	1.000e+04	1.000e+04	1.000e+04	1.000e+04	1.000e+04	
1.000e+04	1.000e+04	1.000e+04	1.000e+04	1.000e+04	1.000e+04	1.000e+04	1.000e+04	

cond(A^-1)=5.760e+06

x1(invA4*b4)=
8.000e+00
1.000e+00
4.000e+00
7.000e+00
4.000e+00
0.000e+00
4.000e+00
-4.657e-10

x2(solution with decomp and solve)=
8.000e+00
1.000e+00
4.000e+00
7.000e+00
4.000e+00
4.263e-10
4.000e+00
4.263e-10

|x1-x2|=
4.263e-10
4.263e-10
1.935e-10
6.592e-10
4.263e-10
4.263e-10
6.592e-10
8.920e-10

||x2-x1||/||x1||=1.468e-10
---------------------------- A5 * x = b5 ---------------------------------
p5=1.000e-06

A5:
2.700e+01	-6.000e+00	-1.000e+00	-6.000e+00	-3.000e+00	-4.000e+00	-3.000e+00	-4.000e+00	
-6.000e+00	3.500e+01	-1.000e+00	-6.000e+00	-5.000e+00	-6.000e+00	-3.000e+00	-8.000e+00	
-1.000e+00	-1.000e+00	1.900e+01	-6.000e+00	-8.000e+00	-2.000e+00	0.000e+00	-1.000e+00	
-6.000e+00	-6.000e+00	-6.000e+00	3.600e+01	-4.000e+00	-3.000e+00	-4.000e+00	-7.000e+00	
-3.000e+00	-5.000e+00	-8.000e+00	-4.000e+00	2.500e+01	0.000e+00	-1.000e+00	-4.000e+00	
-4.000e+00	-6.000e+00	-2.000e+00	-3.000e+00	0.000e+00	2.800e+01	-8.000e+00	-5.000e+00	
-3.000e+00	-3.000e+00	0.000e+00	-4.000e+00	-1.000e+00	-8.000e+00	2.100e+01	-2.000e+00	
-4.000e+00	-8.000e+00	-1.000e+00	-7.000e+00	-4.000e+00	-5.000e+00	-2.000e+00	3.100e+01	

A^-1:
1.000e+06	1.000e+06	1.000e+06	1.000e+06	1.000e+06	1.000e+06	1.000e+06	1.000e+06	
1.000e+06	1.000e+06	1.000e+06	1.000e+06	1.000e+06	1.000e+06	1.000e+06	1.000e+06	
1.000e+06	1.000e+06	1.000e+06	1.000e+06	1.000e+06	1.000e+06	1.000e+06	1.000e+06	
1.000e+06	1.000e+06	1.000e+06	1.000e+06	1.000e+06	1.000e+06	1.000e+06	1.000e+06	
1.000e+06	1.000e+06	1.000e+06	1.000e+06	1.000e+06	1.000e+06	1.000e+06	1.000e+06	
1.000e+06	1.000e+06	1.000e+06	1.000e+06	1.000e+06	1.000e+06	1.000e+06	1.000e+06	
1.000e+06	1.000e+06	1.000e+06	1.000e+06	1.000e+06	1.000e+06	1.000e+06	1.000e+06	
1.000e+06	1.000e+06	1.000e+06	1.000e+06	1.000e+06	1.000e+06	1.000e+06	1.000e+06	

cond(A^-1)=5.760e+08

x1(invA5*b5)=
8.000e+00
1.000e+00
4.000e+00
7.000e+00
4.000e+00
2.980e-08
4.000e+00
0.000e+00

x2(solution with decomp and solve)=
8.000e+00
1.000e+00
4.000e+00
7.000e+00
4.000e+00
4.263e-08
4.000e+00
4.263e-08

|x1-x2|=
8.734e-08
2.071e-09
4.263e-08
3.187e-08
5.753e-08
1.283e-08
4.263e-08
4.263e-08

||x2-x1||/||x1||=1.141e-08
