       x      y[0]       y[1]
-------------- rkf ----------------
  0.080000  -1.740085   0.497596
  0.160000  -1.602897   0.424849
  0.240000  -1.389920   0.369927
  0.320000  -1.235086   0.331158
  0.400000  -1.128464   0.304604
  0.480000  -1.058152   0.287235
  0.560000  -1.015235   0.276781
  0.640000  -0.992878   0.271522
  0.720000  -0.985912   0.270142
  0.800000  -0.990328   0.271624
  0.880000  -1.003014   0.275174
  0.960000  -1.021537   0.280174
  1.040000  -1.043995   0.286141
  1.120000  -1.068906   0.292698
  1.200000  -1.095130   0.299560
  1.280000  -1.121801   0.306509
  1.360000  -1.148274   0.313387
  1.440000  -1.174083   0.320081
  1.520000  -1.198904   0.326512
  1.600000  -1.222523   0.332633
       x      y[0]       y[1]
------------- adams, h=0.008 ---------------
  0.000000   2.000000   0.500000
  0.008000   0.859893   0.517471
  0.016000   0.043843   0.527187
  0.024000  -0.537266   0.531365
  0.032000  -0.945424   0.531547
  0.040000  -1.233065   0.529032
  0.048000  -1.429927   0.524556
  0.056000  -1.565295   0.518840
  0.064000  -1.651928   0.512195
  0.072000  -1.707877   0.505063
  0.080000  -1.737102   0.497536
  0.088000  -1.752070   0.489916
  0.096000  -1.751837   0.482173
  0.104000  -1.746159   0.474542
  0.112000  -1.731211   0.466921
  0.120000  -1.715601   0.459518
  0.128000  -1.693680   0.452184
  0.136000  -1.673761   0.445121
  0.144000  -1.648906   0.438149
  0.152000  -1.627613   0.431474
  0.160000  -1.601903   0.424890
  0.168000  -1.580749   0.418616
  0.176000  -1.555232   0.412424
  0.184000  -1.534983   0.406547
  0.192000  -1.510162   0.400736
  0.200000  -1.491190   0.395245
  0.208000  -1.467281   0.389800
  0.216000  -1.449756   0.384678
  0.224000  -1.426822   0.379581
  0.232000  -1.410809   0.374811
  0.240000  -1.388838   0.370043
  0.248000  -1.374348   0.365608
  0.256000  -1.353287   0.361151
  0.264000  -1.340307   0.357033
  0.272000  -1.320082   0.352868
  0.280000  -1.308590   0.349052
  0.288000  -1.289117   0.345162
  0.296000  -1.279088   0.341631
  0.304000  -1.260278   0.338000
  0.312000  -1.251691   0.334740
  0.320000  -1.233451   0.331352
  0.328000  -1.226286   0.328350
  0.336000  -1.208524   0.325189
  0.344000  -1.202770   0.322432
  0.352000  -1.185390   0.319484
  0.360000  -1.181041   0.316960
  0.368000  -1.163947   0.314212
  0.376000  -1.161003   0.311909
  0.384000  -1.144098   0.309348
  0.392000  -1.142566   0.307257
  0.400000  -1.125751   0.304869
  0.408000  -1.125645   0.302981
  0.416000  -1.108818   0.300755
  0.424000  -1.110161   0.299060
  0.432000  -1.093216   0.296984
  0.440000  -1.096039   0.295476
  0.448000  -1.078868   0.293539
  0.456000  -1.083208   0.292209
  0.464000  -1.065697   0.290400
  0.472000  -1.071602   0.289242
  0.480000  -1.053633   0.287550
  0.488000  -1.061160   0.286558
  0.496000  -1.042609   0.284974
  0.504000  -1.051824   0.284143
  0.512000  -1.032559   0.282656
  0.520000  -1.043539   0.281980
  0.528000  -1.023422   0.280581
  0.536000  -1.036255   0.280058
  0.544000  -1.015139   0.278736
  0.552000  -1.029925   0.278361
  0.560000  -1.007653   0.277107
  0.568000  -1.024505   0.276878
  0.576000  -1.000910   0.275683
  0.584000  -1.019954   0.275598
  0.592000  -0.994858   0.274451
  0.600000  -1.016235   0.274508
  0.608000  -0.989445   0.273400
  0.616000  -1.013312   0.273598
  0.624000  -0.984623   0.272520
  0.632000  -1.011155   0.272859
  0.640000  -0.980344   0.271800
  0.648000  -1.009734   0.272281
  0.656000  -0.976561   0.271232
  0.664000  -1.009021   0.271855
  0.672000  -0.973229   0.270804
  0.680000  -1.008995   0.271573
  0.688000  -0.970303   0.270509
  0.696000  -1.009634   0.271426
  0.704000  -0.967740   0.270339
  0.712000  -1.010920   0.271407
  0.720000  -0.965496   0.270285
  0.728000  -1.012836   0.271509
  0.736000  -0.963528   0.270340
  0.744000  -1.015371   0.271724
  0.752000  -0.961792   0.270496
  0.760000  -1.018513   0.272048
  0.768000  -0.960245   0.270747
  0.776000  -1.022257   0.272473
  0.784000  -0.958845   0.271085
  0.792000  -1.026596   0.272995
  0.800000  -0.957546   0.271504
  0.808000  -1.031530   0.273607
  0.816000  -0.956305   0.271998
  0.824000  -1.037060   0.274305
  0.832000  -0.955074   0.272560
  0.840000  -1.043191   0.275084
  0.848000  -0.953809   0.273186
  0.856000  -1.049930   0.275940
  0.864000  -0.952460   0.273869
  0.872000  -1.057290   0.276869
  0.880000  -0.950977   0.274603
  0.888000  -1.065285   0.277866
  0.896000  -0.949309   0.275384
  0.904000  -1.073934   0.278929
  0.912000  -0.947400   0.276207
  0.920000  -1.083260   0.280055
  0.928000  -0.945195   0.277066
  0.936000  -1.093290   0.281240
  0.944000  -0.942634   0.277956
  0.952000  -1.104057   0.282482
  0.960000  -0.939653   0.278872
  0.968000  -1.115598   0.283779
  0.976000  -0.936185   0.279811
  0.984000  -1.127954   0.285129
  0.992000  -0.932160   0.280766
  1.000000  -1.141173   0.286530
  1.008000  -0.927502   0.281733
  1.016000  -1.155311   0.287980
  1.024000  -0.922131   0.282708
  1.032000  -1.170426   0.289479
  1.040000  -0.915960   0.283686
  1.048000  -1.186588   0.291026
  1.056000  -0.908896   0.284663
  1.064000  -1.203871   0.292620
  1.072000  -0.900840   0.285632
  1.080000  -1.222359   0.294262
  1.088000  -0.891684   0.286590
  1.096000  -1.242146   0.295951
  1.104000  -0.881314   0.287532
  1.112000  -1.263332   0.297688
  1.120000  -0.869605   0.288453
  1.128000  -1.286032   0.299474
  1.136000  -0.856422   0.289346
  1.144000  -1.310369   0.301310
  1.152000  -0.841620   0.290208
  1.160000  -1.336481   0.303199
  1.168000  -0.825040   0.291033
  1.176000  -1.364517   0.305141
  1.184000  -0.806512   0.291814
  1.192000  -1.394642   0.307141
  1.200000  -0.785849   0.292546
  1.208000  -1.427038   0.309201
  1.216000  -0.762851   0.293222
  1.224000  -1.461903   0.311324
  1.232000  -0.737300   0.293836
  1.240000  -1.499453   0.313516
  1.248000  -0.708956   0.294379
  1.256000  -1.539925   0.315780
  1.264000  -0.677562   0.294846
  1.272000  -1.583580   0.318122
  1.280000  -0.642837   0.295228
  1.288000  -1.630702   0.320548
  1.296000  -0.604474   0.295515
  1.304000  -1.681601   0.323065
  1.312000  -0.562142   0.295699
  1.320000  -1.736616   0.325681
  1.328000  -0.515477   0.295771
  1.336000  -1.796118   0.328404
  1.344000  -0.464085   0.295718
  1.352000  -1.860511   0.331243
  1.360000  -0.407536   0.295531
  1.368000  -1.930239   0.334209
  1.376000  -0.345362   0.295195
  1.384000  -2.005782   0.337313
  1.392000  -0.277053   0.294699
  1.400000  -2.087668   0.340567
  1.408000  -0.202053   0.294027
  1.416000  -2.176473   0.343986
  1.424000  -0.119757   0.293165
  1.432000  -2.272823   0.347585
  1.440000  -0.029503   0.292094
  1.448000  -2.377404   0.351381
  1.456000   0.069427   0.290796
  1.464000  -2.490962   0.355390
  1.472000   0.177817   0.289252
  1.480000  -2.614314   0.359635
  1.488000   0.296525   0.287440
  1.496000  -2.748348   0.364136
  1.504000   0.426480   0.285336
  1.512000  -2.894035   0.368917
  1.520000   0.568701   0.282914
  1.528000  -3.052433   0.374005
  1.536000   0.724295   0.280146
  1.544000  -3.224698   0.379428
  1.552000   0.894472   0.277002
  1.560000  -3.412089   0.385217
  1.568000   1.080548   0.273449
  1.576000  -3.615980   0.391408
  1.584000   1.283961   0.269451
  1.592000  -3.837870   0.398036
  1.600000   1.506278   0.264968
       x      y[0]       y[1]
------------- adams, h=0.001 ---------------
  0.000000   2.000000   0.500000
  0.001000   1.835955   0.502703
  0.002000   1.678561   0.505245
  0.003000   1.527555   0.507633
  0.004000   1.382686   0.509873
  0.005000   1.243713   0.511971
  0.006000   1.110404   0.513933
  0.007000   0.982535   0.515764
  0.008000   0.859893   0.517471
  0.009000   0.742272   0.519057
  0.010000   0.629475   0.520528
  0.011000   0.521310   0.521888
  0.012000   0.417596   0.523143
  0.013000   0.318157   0.524296
  0.014000   0.222826   0.525351
  0.015000   0.131439   0.526314
  0.016000   0.043842   0.527187
  0.017000  -0.040116   0.527974
  0.018000  -0.120576   0.528679
  0.019000  -0.197679   0.529305
  0.020000  -0.271555   0.529856
  0.021000  -0.342332   0.530334
  0.022000  -0.410133   0.530743
  0.023000  -0.475075   0.531086
  0.024000  -0.537271   0.531365
  0.025000  -0.596829   0.531584
  0.026000  -0.653854   0.531744
  0.027000  -0.708446   0.531848
  0.028000  -0.760700   0.531899
  0.029000  -0.810711   0.531899
  0.030000  -0.858565   0.531850
  0.031000  -0.904349   0.531755
  0.032000  -0.948144   0.531614
  0.033000  -0.990030   0.531431
  0.034000  -1.030081   0.531207
  0.035000  -1.068372   0.530943
  0.036000  -1.104970   0.530643
  0.037000  -1.139944   0.530306
  0.038000  -1.173358   0.529936
  0.039000  -1.205274   0.529532
  0.040000  -1.235751   0.529098
  0.041000  -1.264847   0.528634
  0.042000  -1.292616   0.528141
  0.043000  -1.319112   0.527622
  0.044000  -1.344384   0.527076
  0.045000  -1.368482   0.526506
  0.046000  -1.391453   0.525912
  0.047000  -1.413341   0.525296
  0.048000  -1.434189   0.524659
  0.049000  -1.454040   0.524002
  0.050000  -1.472932   0.523325
  0.051000  -1.490905   0.522629
  0.052000  -1.507994   0.521917
  0.053000  -1.524236   0.521187
  0.054000  -1.539664   0.520442
  0.055000  -1.554311   0.519682
  0.056000  -1.568209   0.518908
  0.057000  -1.581386   0.518120
  0.058000  -1.593873   0.517319
  0.059000  -1.605697   0.516507
  0.060000  -1.616885   0.515683
  0.061000  -1.627462   0.514848
  0.062000  -1.637453   0.514002
  0.063000  -1.646882   0.513148
  0.064000  -1.655771   0.512284
  0.065000  -1.664143   0.511411
  0.066000  -1.672018   0.510531
  0.067000  -1.679416   0.509643
  0.068000  -1.686358   0.508747
  0.069000  -1.692860   0.507846
  0.070000  -1.698942   0.506938
  0.071000  -1.704620   0.506024
  0.072000  -1.709912   0.505104
  0.073000  -1.714832   0.504180
  0.074000  -1.719396   0.503251
  0.075000  -1.723619   0.502318
  0.076000  -1.727514   0.501381
  0.077000  -1.731096   0.500440
  0.078000  -1.734376   0.499495
  0.079000  -1.737369   0.498548
  0.080000  -1.740084   0.497598
  0.081000  -1.742535   0.496645
  0.082000  -1.744732   0.495690
  0.083000  -1.746686   0.494734
  0.084000  -1.748406   0.493775
  0.085000  -1.749904   0.492815
  0.086000  -1.751187   0.491853
  0.087000  -1.752265   0.490891
  0.088000  -1.753147   0.489927
  0.089000  -1.753841   0.488963
  0.090000  -1.754355   0.487999
  0.091000  -1.754696   0.487034
  0.092000  -1.754873   0.486069
  0.093000  -1.754892   0.485103
  0.094000  -1.754760   0.484138
  0.095000  -1.754484   0.483174
  0.096000  -1.754069   0.482209
  0.097000  -1.753522   0.481246
  0.098000  -1.752849   0.480283
  0.099000  -1.752055   0.479321
  0.100000  -1.751145   0.478359
  0.101000  -1.750125   0.477399
  0.102000  -1.749000   0.476440
  0.103000  -1.747774   0.475483
  0.104000  -1.746452   0.474526
  0.105000  -1.745038   0.473572
  0.106000  -1.743536   0.472618
  0.107000  -1.741951   0.471667
  0.108000  -1.740286   0.470717
  0.109000  -1.738545   0.469769
  0.110000  -1.736732   0.468823
  0.111000  -1.734850   0.467878
  0.112000  -1.732902   0.466936
  0.113000  -1.730891   0.465996
  0.114000  -1.728821   0.465058
  0.115000  -1.726694   0.464122
  0.116000  -1.724513   0.463189
  0.117000  -1.722281   0.462258
  0.118000  -1.720001   0.461329
  0.119000  -1.717674   0.460403
  0.120000  -1.715304   0.459479
  0.121000  -1.712892   0.458557
  0.122000  -1.710441   0.457639
  0.123000  -1.707952   0.456722
  0.124000  -1.705429   0.455809
  0.125000  -1.702872   0.454898
  0.126000  -1.700283   0.453990
  0.127000  -1.697665   0.453084
  0.128000  -1.695019   0.452181
  0.129000  -1.692347   0.451281
  0.130000  -1.689650   0.450384
  0.131000  -1.686930   0.449490
  0.132000  -1.684188   0.448598
  0.133000  -1.681425   0.447710
  0.134000  -1.678644   0.446824
  0.135000  -1.675844   0.445941
  0.136000  -1.673029   0.445062
  0.137000  -1.670197   0.444185
  0.138000  -1.667352   0.443311
  0.139000  -1.664493   0.442440
  0.140000  -1.661622   0.441572
  0.141000  -1.658740   0.440707
  0.142000  -1.655848   0.439845
  0.143000  -1.652947   0.438987
  0.144000  -1.650037   0.438131
  0.145000  -1.647120   0.437278
  0.146000  -1.644195   0.436428
  0.147000  -1.641265   0.435582
  0.148000  -1.638330   0.434738
  0.149000  -1.635390   0.433898
  0.150000  -1.632446   0.433061
  0.151000  -1.629499   0.432226
  0.152000  -1.626550   0.431395
  0.153000  -1.623598   0.430567
  0.154000  -1.620645   0.429742
  0.155000  -1.617691   0.428920
  0.156000  -1.614737   0.428102
  0.157000  -1.611783   0.427286
  0.158000  -1.608829   0.426474
  0.159000  -1.605877   0.425664
  0.160000  -1.602926   0.424858
  0.161000  -1.599977   0.424055
  0.162000  -1.597031   0.423255
  0.163000  -1.594087   0.422458
  0.164000  -1.591146   0.421664
  0.165000  -1.588209   0.420873
  0.166000  -1.585276   0.420085
  0.167000  -1.582347   0.419301
  0.168000  -1.579422   0.418519
  0.169000  -1.576502   0.417741
  0.170000  -1.573587   0.416966
  0.171000  -1.570677   0.416193
  0.172000  -1.567772   0.415424
  0.173000  -1.564874   0.414658
  0.174000  -1.561981   0.413895
  0.175000  -1.559095   0.413135
  0.176000  -1.556215   0.412378
  0.177000  -1.553342   0.411624
  0.178000  -1.550475   0.410874
  0.179000  -1.547616   0.410126
  0.180000  -1.544763   0.409381
  0.181000  -1.541918   0.408639
  0.182000  -1.539081   0.407900
  0.183000  -1.536251   0.407165
  0.184000  -1.533429   0.406432
  0.185000  -1.530615   0.405702
  0.186000  -1.527809   0.404976
  0.187000  -1.525011   0.404252
  0.188000  -1.522222   0.403531
  0.189000  -1.519441   0.402813
  0.190000  -1.516668   0.402099
  0.191000  -1.513904   0.401387
  0.192000  -1.511149   0.400678
  0.193000  -1.508402   0.399972
  0.194000  -1.505664   0.399269
  0.195000  -1.502936   0.398568
  0.196000  -1.500216   0.397871
  0.197000  -1.497505   0.397177
  0.198000  -1.494803   0.396485
  0.199000  -1.492111   0.395797
  0.200000  -1.489428   0.395111
  0.201000  -1.486754   0.394428
  0.202000  -1.484090   0.393748
  0.203000  -1.481435   0.393071
  0.204000  -1.478789   0.392397
  0.205000  -1.476153   0.391726
  0.206000  -1.473526   0.391057
  0.207000  -1.470909   0.390391
  0.208000  -1.468302   0.389729
  0.209000  -1.465704   0.389068
  0.210000  -1.463116   0.388411
  0.211000  -1.460537   0.387757
  0.212000  -1.457968   0.387105
  0.213000  -1.455409   0.386456
  0.214000  -1.452860   0.385809
  0.215000  -1.450320   0.385166
  0.216000  -1.447790   0.384525
  0.217000  -1.445269   0.383887
  0.218000  -1.442759   0.383252
  0.219000  -1.440258   0.382619
  0.220000  -1.437767   0.381989
  0.221000  -1.435286   0.381362
  0.222000  -1.432814   0.380738
  0.223000  -1.430353   0.380116
  0.224000  -1.427901   0.379497
  0.225000  -1.425458   0.378880
  0.226000  -1.423026   0.378266
  0.227000  -1.420603   0.377655
  0.228000  -1.418190   0.377047
  0.229000  -1.415787   0.376441
  0.230000  -1.413394   0.375837
  0.231000  -1.411010   0.375237
  0.232000  -1.408636   0.374639
  0.233000  -1.406271   0.374043
  0.234000  -1.403917   0.373450
  0.235000  -1.401572   0.372860
  0.236000  -1.399236   0.372272
  0.237000  -1.396911   0.371687
  0.238000  -1.394595   0.371104
  0.239000  -1.392288   0.370524
  0.240000  -1.389991   0.369946
  0.241000  -1.387704   0.369371
  0.242000  -1.385426   0.368798
  0.243000  -1.383158   0.368228
  0.244000  -1.380899   0.367661
  0.245000  -1.378650   0.367096
  0.246000  -1.376410   0.366533
  0.247000  -1.374180   0.365973
  0.248000  -1.371959   0.365415
  0.249000  -1.369748   0.364860
  0.250000  -1.367546   0.364307
  0.251000  -1.365353   0.363756
  0.252000  -1.363170   0.363209
  0.253000  -1.360996   0.362663
  0.254000  -1.358832   0.362120
  0.255000  -1.356676   0.361579
  0.256000  -1.354530   0.361041
  0.257000  -1.352393   0.360505
  0.258000  -1.350266   0.359971
  0.259000  -1.348147   0.359440
  0.260000  -1.346038   0.358911
  0.261000  -1.343938   0.358384
  0.262000  -1.341846   0.357860
  0.263000  -1.339764   0.357338
  0.264000  -1.337691   0.356819
  0.265000  -1.335627   0.356302
  0.266000  -1.333572   0.355787
  0.267000  -1.331526   0.355274
  0.268000  -1.329489   0.354764
  0.269000  -1.327461   0.354256
  0.270000  -1.325442   0.353750
  0.271000  -1.323432   0.353246
  0.272000  -1.321430   0.352745
  0.273000  -1.319437   0.352246
  0.274000  -1.317453   0.351749
  0.275000  -1.315478   0.351255
  0.276000  -1.313512   0.350763
  0.277000  -1.311554   0.350272
  0.278000  -1.309605   0.349785
  0.279000  -1.307665   0.349299
  0.280000  -1.305733   0.348815
  0.281000  -1.303810   0.348334
  0.282000  -1.301895   0.347855
  0.283000  -1.299989   0.347378
  0.284000  -1.298091   0.346903
  0.285000  -1.296202   0.346431
  0.286000  -1.294321   0.345960
  0.287000  -1.292449   0.345492
  0.288000  -1.290585   0.345026
  0.289000  -1.288730   0.344562
  0.290000  -1.286882   0.344100
  0.291000  -1.285044   0.343640
  0.292000  -1.283213   0.343182
  0.293000  -1.281391   0.342727
  0.294000  -1.279577   0.342273
  0.295000  -1.277771   0.341822
  0.296000  -1.275973   0.341372
  0.297000  -1.274183   0.340925
  0.298000  -1.272402   0.340480
  0.299000  -1.270629   0.340036
  0.300000  -1.268863   0.339595
  0.301000  -1.267106   0.339156
  0.302000  -1.265357   0.338719
  0.303000  -1.263615   0.338284
  0.304000  -1.261882   0.337851
  0.305000  -1.260157   0.337420
  0.306000  -1.258439   0.336991
  0.307000  -1.256730   0.336564
  0.308000  -1.255028   0.336139
  0.309000  -1.253334   0.335715
  0.310000  -1.251648   0.335294
  0.311000  -1.249969   0.334875
  0.312000  -1.248299   0.334458
  0.313000  -1.246636   0.334043
  0.314000  -1.244980   0.333629
  0.315000  -1.243333   0.333218
  0.316000  -1.241693   0.332808
  0.317000  -1.240060   0.332401
  0.318000  -1.238435   0.331995
  0.319000  -1.236818   0.331592
  0.320000  -1.235208   0.331190
  0.321000  -1.233606   0.330790
  0.322000  -1.232011   0.330392
  0.323000  -1.230424   0.329996
  0.324000  -1.228844   0.329602
  0.325000  -1.227272   0.329209
  0.326000  -1.225706   0.328819
  0.327000  -1.224149   0.328430
  0.328000  -1.222598   0.328043
  0.329000  -1.221055   0.327658
  0.330000  -1.219519   0.327275
  0.331000  -1.217990   0.326894
  0.332000  -1.216469   0.326514
  0.333000  -1.214954   0.326136
  0.334000  -1.213447   0.325761
  0.335000  -1.211947   0.325387
  0.336000  -1.210454   0.325014
  0.337000  -1.208968   0.324644
  0.338000  -1.207490   0.324275
  0.339000  -1.206018   0.323908
  0.340000  -1.204553   0.323543
  0.341000  -1.203095   0.323180
  0.342000  -1.201645   0.322818
  0.343000  -1.200201   0.322458
  0.344000  -1.198764   0.322100
  0.345000  -1.197334   0.321744
  0.346000  -1.195911   0.321389
  0.347000  -1.194494   0.321036
  0.348000  -1.193085   0.320685
  0.349000  -1.191682   0.320335
  0.350000  -1.190286   0.319988
  0.351000  -1.188897   0.319642
  0.352000  -1.187514   0.319297
  0.353000  -1.186138   0.318954
  0.354000  -1.184769   0.318613
  0.355000  -1.183407   0.318274
  0.356000  -1.182051   0.317936
  0.357000  -1.180702   0.317600
  0.358000  -1.179359   0.317266
  0.359000  -1.178023   0.316933
  0.360000  -1.176693   0.316602
  0.361000  -1.175370   0.316273
  0.362000  -1.174053   0.315945
  0.363000  -1.172743   0.315619
  0.364000  -1.171439   0.315295
  0.365000  -1.170142   0.314972
  0.366000  -1.168851   0.314651
  0.367000  -1.167567   0.314331
  0.368000  -1.166288   0.314013
  0.369000  -1.165017   0.313697
  0.370000  -1.163751   0.313382
  0.371000  -1.162492   0.313068
  0.372000  -1.161239   0.312757
  0.373000  -1.159992   0.312447
  0.374000  -1.158751   0.312138
  0.375000  -1.157517   0.311831
  0.376000  -1.156289   0.311526
  0.377000  -1.155066   0.311222
  0.378000  -1.153850   0.310920
  0.379000  -1.152641   0.310619
  0.380000  -1.151437   0.310320
  0.381000  -1.150239   0.310022
  0.382000  -1.149047   0.309726
  0.383000  -1.147862   0.309431
  0.384000  -1.146682   0.309138
  0.385000  -1.145508   0.308846
  0.386000  -1.144341   0.308556
  0.387000  -1.143179   0.308267
  0.388000  -1.142023   0.307980
  0.389000  -1.140873   0.307695
  0.390000  -1.139729   0.307410
  0.391000  -1.138590   0.307128
  0.392000  -1.137458   0.306847
  0.393000  -1.136331   0.306567
  0.394000  -1.135210   0.306288
  0.395000  -1.134095   0.306012
  0.396000  -1.132986   0.305736
  0.397000  -1.131882   0.305462
  0.398000  -1.130784   0.305190
  0.399000  -1.129692   0.304919
  0.400000  -1.128605   0.304649
  0.401000  -1.127524   0.304381
  0.402000  -1.126449   0.304114
  0.403000  -1.125379   0.303849
  0.404000  -1.124315   0.303585
  0.405000  -1.123257   0.303322
  0.406000  -1.122204   0.303061
  0.407000  -1.121156   0.302801
  0.408000  -1.120114   0.302543
  0.409000  -1.119078   0.302286
  0.410000  -1.118047   0.302030
  0.411000  -1.117021   0.301776
  0.412000  -1.116001   0.301523
  0.413000  -1.114986   0.301272
  0.414000  -1.113977   0.301021
  0.415000  -1.112973   0.300773
  0.416000  -1.111974   0.300525
  0.417000  -1.110981   0.300279
  0.418000  -1.109993   0.300034
  0.419000  -1.109010   0.299791
  0.420000  -1.108032   0.299549
  0.421000  -1.107060   0.299308
  0.422000  -1.106093   0.299069
  0.423000  -1.105131   0.298831
  0.424000  -1.104175   0.298594
  0.425000  -1.103224   0.298358
  0.426000  -1.102277   0.298124
  0.427000  -1.101336   0.297891
  0.428000  -1.100400   0.297660
  0.429000  -1.099470   0.297429
  0.430000  -1.098544   0.297200
  0.431000  -1.097623   0.296973
  0.432000  -1.096708   0.296746
  0.433000  -1.095797   0.296521
  0.434000  -1.094891   0.296297
  0.435000  -1.093991   0.296075
  0.436000  -1.093095   0.295853
  0.437000  -1.092205   0.295633
  0.438000  -1.091319   0.295414
  0.439000  -1.090438   0.295197
  0.440000  -1.089563   0.294980
  0.441000  -1.088692   0.294765
  0.442000  -1.087826   0.294551
  0.443000  -1.086964   0.294338
  0.444000  -1.086108   0.294127
  0.445000  -1.085257   0.293917
  0.446000  -1.084410   0.293708
  0.447000  -1.083568   0.293500
  0.448000  -1.082731   0.293293
  0.449000  -1.081899   0.293088
  0.450000  -1.081071   0.292884
  0.451000  -1.080248   0.292681
  0.452000  -1.079430   0.292479
  0.453000  -1.078616   0.292278
  0.454000  -1.077808   0.292079
  0.455000  -1.077003   0.291880
  0.456000  -1.076204   0.291683
  0.457000  -1.075409   0.291487
  0.458000  -1.074619   0.291292
  0.459000  -1.073833   0.291099
  0.460000  -1.073052   0.290906
  0.461000  -1.072275   0.290715
  0.462000  -1.071503   0.290525
  0.463000  -1.070736   0.290336
  0.464000  -1.069973   0.290148
  0.465000  -1.069214   0.289961
  0.466000  -1.068460   0.289776
  0.467000  -1.067711   0.289591
  0.468000  -1.066966   0.289408
  0.469000  -1.066225   0.289225
  0.470000  -1.065489   0.289044
  0.471000  -1.064757   0.288864
  0.472000  -1.064029   0.288685
  0.473000  -1.063306   0.288508
  0.474000  -1.062588   0.288331
  0.475000  -1.061873   0.288155
  0.476000  -1.061163   0.287981
  0.477000  -1.060457   0.287807
  0.478000  -1.059756   0.287635
  0.479000  -1.059059   0.287464
  0.480000  -1.058366   0.287294
  0.481000  -1.057677   0.287124
  0.482000  -1.056993   0.286956
  0.483000  -1.056312   0.286789
  0.484000  -1.055636   0.286623
  0.485000  -1.054965   0.286459
  0.486000  -1.054297   0.286295
  0.487000  -1.053633   0.286132
  0.488000  -1.052974   0.285970
  0.489000  -1.052319   0.285810
  0.490000  -1.051668   0.285650
  0.491000  -1.051021   0.285491
  0.492000  -1.050378   0.285334
  0.493000  -1.049739   0.285177
  0.494000  -1.049104   0.285022
  0.495000  -1.048473   0.284867
  0.496000  -1.047846   0.284714
  0.497000  -1.047224   0.284561
  0.498000  -1.046605   0.284410
  0.499000  -1.045990   0.284260
  0.500000  -1.045379   0.284110
  0.501000  -1.044773   0.283962
  0.502000  -1.044170   0.283814
  0.503000  -1.043571   0.283668
  0.504000  -1.042976   0.283522
  0.505000  -1.042385   0.283378
  0.506000  -1.041797   0.283234
  0.507000  -1.041214   0.283092
  0.508000  -1.040634   0.282950
  0.509000  -1.040059   0.282810
  0.510000  -1.039487   0.282670
  0.511000  -1.038919   0.282532
  0.512000  -1.038354   0.282394
  0.513000  -1.037794   0.282257
  0.514000  -1.037237   0.282121
  0.515000  -1.036684   0.281987
  0.516000  -1.036135   0.281853
  0.517000  -1.035590   0.281720
  0.518000  -1.035048   0.281588
  0.519000  -1.034510   0.281457
  0.520000  -1.033976   0.281327
  0.521000  -1.033445   0.281198
  0.522000  -1.032918   0.281069
  0.523000  -1.032395   0.280942
  0.524000  -1.031875   0.280816
  0.525000  -1.031359   0.280690
  0.526000  -1.030847   0.280566
  0.527000  -1.030338   0.280442
  0.528000  -1.029833   0.280319
  0.529000  -1.029332   0.280197
  0.530000  -1.028834   0.280076
  0.531000  -1.028339   0.279956
  0.532000  -1.027848   0.279837
  0.533000  -1.027361   0.279719
  0.534000  -1.026877   0.279601
  0.535000  -1.026396   0.279485
  0.536000  -1.025920   0.279369
  0.537000  -1.025446   0.279255
  0.538000  -1.024976   0.279141
  0.539000  -1.024510   0.279028
  0.540000  -1.024047   0.278916
  0.541000  -1.023587   0.278804
  0.542000  -1.023131   0.278694
  0.543000  -1.022678   0.278585
  0.544000  -1.022229   0.278476
  0.545000  -1.021783   0.278368
  0.546000  -1.021340   0.278261
  0.547000  -1.020901   0.278155
  0.548000  -1.020465   0.278050
  0.549000  -1.020032   0.277945
  0.550000  -1.019603   0.277842
  0.551000  -1.019177   0.277739
  0.552000  -1.018754   0.277637
  0.553000  -1.018335   0.277536
  0.554000  -1.017919   0.277436
  0.555000  -1.017506   0.277336
  0.556000  -1.017096   0.277238
  0.557000  -1.016690   0.277140
  0.558000  -1.016287   0.277043
  0.559000  -1.015887   0.276947
  0.560000  -1.015490   0.276851
  0.561000  -1.015096   0.276757
  0.562000  -1.014706   0.276663
  0.563000  -1.014319   0.276570
  0.564000  -1.013935   0.276478
  0.565000  -1.013554   0.276387
  0.566000  -1.013176   0.276296
  0.567000  -1.012802   0.276206
  0.568000  -1.012430   0.276117
  0.569000  -1.012062   0.276029
  0.570000  -1.011696   0.275942
  0.571000  -1.011334   0.275855
  0.572000  -1.010975   0.275769
  0.573000  -1.010619   0.275684
  0.574000  -1.010266   0.275600
  0.575000  -1.009916   0.275516
  0.576000  -1.009569   0.275433
  0.577000  -1.009225   0.275351
  0.578000  -1.008884   0.275270
  0.579000  -1.008546   0.275189
  0.580000  -1.008211   0.275110
  0.581000  -1.007879   0.275031
  0.582000  -1.007550   0.274952
  0.583000  -1.007224   0.274875
  0.584000  -1.006900   0.274798
  0.585000  -1.006580   0.274722
  0.586000  -1.006263   0.274647
  0.587000  -1.005948   0.274572
  0.588000  -1.005637   0.274498
  0.589000  -1.005328   0.274425
  0.590000  -1.005022   0.274353
  0.591000  -1.004720   0.274281
  0.592000  -1.004419   0.274210
  0.593000  -1.004122   0.274140
  0.594000  -1.003828   0.274070
  0.595000  -1.003536   0.274002
  0.596000  -1.003248   0.273934
  0.597000  -1.002962   0.273866
  0.598000  -1.002679   0.273800
  0.599000  -1.002398   0.273734
  0.600000  -1.002121   0.273668
  0.601000  -1.001846   0.273604
  0.602000  -1.001574   0.273540
  0.603000  -1.001304   0.273477
  0.604000  -1.001038   0.273414
  0.605000  -1.000774   0.273352
  0.606000  -1.000513   0.273291
  0.607000  -1.000254   0.273231
  0.608000  -0.999999   0.273171
  0.609000  -0.999746   0.273112
  0.610000  -0.999495   0.273053
  0.611000  -0.999248   0.272996
  0.612000  -0.999003   0.272939
  0.613000  -0.998760   0.272882
  0.614000  -0.998520   0.272826
  0.615000  -0.998283   0.272771
  0.616000  -0.998049   0.272717
  0.617000  -0.997817   0.272663
  0.618000  -0.997587   0.272610
  0.619000  -0.997361   0.272558
  0.620000  -0.997136   0.272506
  0.621000  -0.996915   0.272455
  0.622000  -0.996696   0.272404
  0.623000  -0.996479   0.272354
  0.624000  -0.996265   0.272305
  0.625000  -0.996054   0.272257
  0.626000  -0.995845   0.272209
  0.627000  -0.995639   0.272161
  0.628000  -0.995435   0.272115
  0.629000  -0.995233   0.272069
  0.630000  -0.995035   0.272023
  0.631000  -0.994838   0.271978
  0.632000  -0.994644   0.271934
  0.633000  -0.994453   0.271891
  0.634000  -0.994264   0.271848
  0.635000  -0.994077   0.271805
  0.636000  -0.993893   0.271764
  0.637000  -0.993711   0.271723
  0.638000  -0.993532   0.271682
  0.639000  -0.993355   0.271642
  0.640000  -0.993180   0.271603
  0.641000  -0.993008   0.271564
  0.642000  -0.992839   0.271526
  0.643000  -0.992671   0.271489
  0.644000  -0.992506   0.271452
  0.645000  -0.992344   0.271416
  0.646000  -0.992183   0.271380
  0.647000  -0.992025   0.271345
  0.648000  -0.991870   0.271310
  0.649000  -0.991716   0.271276
  0.650000  -0.991565   0.271243
  0.651000  -0.991416   0.271210
  0.652000  -0.991270   0.271178
  0.653000  -0.991126   0.271146
  0.654000  -0.990984   0.271115
  0.655000  -0.990844   0.271085
  0.656000  -0.990707   0.271055
  0.657000  -0.990572   0.271026
  0.658000  -0.990439   0.270997
  0.659000  -0.990308   0.270969
  0.660000  -0.990180   0.270941
  0.661000  -0.990054   0.270914
  0.662000  -0.989930   0.270887
  0.663000  -0.989808   0.270861
  0.664000  -0.989688   0.270836
  0.665000  -0.989571   0.270811
  0.666000  -0.989456   0.270787
  0.667000  -0.989343   0.270763
  0.668000  -0.989232   0.270740
  0.669000  -0.989123   0.270717
  0.670000  -0.989016   0.270695
  0.671000  -0.988912   0.270673
  0.672000  -0.988810   0.270652
  0.673000  -0.988709   0.270631
  0.674000  -0.988611   0.270611
  0.675000  -0.988515   0.270592
  0.676000  -0.988421   0.270573
  0.677000  -0.988330   0.270555
  0.678000  -0.988240   0.270537
  0.679000  -0.988152   0.270519
  0.680000  -0.988067   0.270502
  0.681000  -0.987983   0.270486
  0.682000  -0.987902   0.270470
  0.683000  -0.987822   0.270455
  0.684000  -0.987745   0.270440
  0.685000  -0.987669   0.270426
  0.686000  -0.987596   0.270412
  0.687000  -0.987525   0.270399
  0.688000  -0.987455   0.270386
  0.689000  -0.987388   0.270374
  0.690000  -0.987322   0.270362
  0.691000  -0.987259   0.270351
  0.692000  -0.987198   0.270340
  0.693000  -0.987138   0.270329
  0.694000  -0.987081   0.270320
  0.695000  -0.987025   0.270310
  0.696000  -0.986972   0.270302
  0.697000  -0.986920   0.270293
  0.698000  -0.986870   0.270285
  0.699000  -0.986822   0.270278
  0.700000  -0.986776   0.270271
  0.701000  -0.986732   0.270265
  0.702000  -0.986690   0.270259
  0.703000  -0.986650   0.270253
  0.704000  -0.986612   0.270248
  0.705000  -0.986575   0.270244
  0.706000  -0.986541   0.270240
  0.707000  -0.986508   0.270236
  0.708000  -0.986477   0.270233
  0.709000  -0.986448   0.270231
  0.710000  -0.986421   0.270228
  0.711000  -0.986396   0.270227
  0.712000  -0.986372   0.270225
  0.713000  -0.986351   0.270225
  0.714000  -0.986331   0.270224
  0.715000  -0.986313   0.270224
  0.716000  -0.986296   0.270225
  0.717000  -0.986282   0.270226
  0.718000  -0.986269   0.270228
  0.719000  -0.986258   0.270229
  0.720000  -0.986249   0.270232
  0.721000  -0.986242   0.270235
  0.722000  -0.986236   0.270238
  0.723000  -0.986233   0.270242
  0.724000  -0.986230   0.270246
  0.725000  -0.986230   0.270250
  0.726000  -0.986231   0.270255
  0.727000  -0.986235   0.270261
  0.728000  -0.986239   0.270267
  0.729000  -0.986246   0.270273
  0.730000  -0.986254   0.270280
  0.731000  -0.986264   0.270287
  0.732000  -0.986276   0.270294
  0.733000  -0.986289   0.270302
  0.734000  -0.986304   0.270311
  0.735000  -0.986321   0.270320
  0.736000  -0.986339   0.270329
  0.737000  -0.986359   0.270339
  0.738000  -0.986381   0.270349
  0.739000  -0.986404   0.270359
  0.740000  -0.986429   0.270370
  0.741000  -0.986455   0.270382
  0.742000  -0.986484   0.270393
  0.743000  -0.986513   0.270405
  0.744000  -0.986545   0.270418
  0.745000  -0.986578   0.270431
  0.746000  -0.986613   0.270444
  0.747000  -0.986649   0.270458
  0.748000  -0.986687   0.270472
  0.749000  -0.986726   0.270487
  0.750000  -0.986767   0.270502
  0.751000  -0.986810   0.270517
  0.752000  -0.986854   0.270533
  0.753000  -0.986899   0.270549
  0.754000  -0.986947   0.270566
  0.755000  -0.986995   0.270582
  0.756000  -0.987046   0.270600
  0.757000  -0.987097   0.270617
  0.758000  -0.987151   0.270635
  0.759000  -0.987206   0.270654
  0.760000  -0.987262   0.270673
  0.761000  -0.987320   0.270692
  0.762000  -0.987379   0.270712
  0.763000  -0.987440   0.270731
  0.764000  -0.987503   0.270752
  0.765000  -0.987567   0.270773
  0.766000  -0.987632   0.270794
  0.767000  -0.987699   0.270815
  0.768000  -0.987767   0.270837
  0.769000  -0.987837   0.270859
  0.770000  -0.987908   0.270882
  0.771000  -0.987981   0.270904
  0.772000  -0.988055   0.270928
  0.773000  -0.988131   0.270951
  0.774000  -0.988208   0.270975
  0.775000  -0.988286   0.271000
  0.776000  -0.988366   0.271024
  0.777000  -0.988447   0.271049
  0.778000  -0.988530   0.271075
  0.779000  -0.988614   0.271101
  0.780000  -0.988699   0.271127
  0.781000  -0.988786   0.271153
  0.782000  -0.988874   0.271180
  0.783000  -0.988964   0.271207
  0.784000  -0.989055   0.271235
  0.785000  -0.989147   0.271262
  0.786000  -0.989241   0.271291
  0.787000  -0.989336   0.271319
  0.788000  -0.989433   0.271348
  0.789000  -0.989530   0.271377
  0.790000  -0.989630   0.271407
  0.791000  -0.989730   0.271437
  0.792000  -0.989832   0.271467
  0.793000  -0.989935   0.271497
  0.794000  -0.990039   0.271528
  0.795000  -0.990145   0.271559
  0.796000  -0.990252   0.271591
  0.797000  -0.990361   0.271623
  0.798000  -0.990470   0.271655
  0.799000  -0.990581   0.271687
  0.800000  -0.990694   0.271720
  0.801000  -0.990807   0.271753
  0.802000  -0.990922   0.271787
  0.803000  -0.991038   0.271821
  0.804000  -0.991155   0.271855
  0.805000  -0.991274   0.271889
  0.806000  -0.991394   0.271924
  0.807000  -0.991515   0.271959
  0.808000  -0.991637   0.271994
  0.809000  -0.991761   0.272030
  0.810000  -0.991886   0.272066
  0.811000  -0.992012   0.272102
  0.812000  -0.992139   0.272139
  0.813000  -0.992268   0.272175
  0.814000  -0.992397   0.272213
  0.815000  -0.992528   0.272250
  0.816000  -0.992660   0.272288
  0.817000  -0.992794   0.272326
  0.818000  -0.992928   0.272364
  0.819000  -0.993064   0.272403
  0.820000  -0.993201   0.272442
  0.821000  -0.993339   0.272481
  0.822000  -0.993478   0.272521
  0.823000  -0.993619   0.272561
  0.824000  -0.993760   0.272601
  0.825000  -0.993903   0.272641
  0.826000  -0.994047   0.272682
  0.827000  -0.994192   0.272723
  0.828000  -0.994338   0.272764
  0.829000  -0.994485   0.272806
  0.830000  -0.994634   0.272848
  0.831000  -0.994783   0.272890
  0.832000  -0.994934   0.272932
  0.833000  -0.995086   0.272975
  0.834000  -0.995239   0.273018
  0.835000  -0.995393   0.273061
  0.836000  -0.995548   0.273105
  0.837000  -0.995705   0.273149
  0.838000  -0.995862   0.273193
  0.839000  -0.996020   0.273237
  0.840000  -0.996180   0.273282
  0.841000  -0.996340   0.273327
  0.842000  -0.996502   0.273372
  0.843000  -0.996665   0.273417
  0.844000  -0.996829   0.273463
  0.845000  -0.996994   0.273509
  0.846000  -0.997160   0.273555
  0.847000  -0.997327   0.273602
  0.848000  -0.997495   0.273648
  0.849000  -0.997664   0.273695
  0.850000  -0.997834   0.273743
  0.851000  -0.998005   0.273790
  0.852000  -0.998177   0.273838
  0.853000  -0.998351   0.273886
  0.854000  -0.998525   0.273934
  0.855000  -0.998700   0.273983
  0.856000  -0.998876   0.274032
  0.857000  -0.999054   0.274081
  0.858000  -0.999232   0.274130
  0.859000  -0.999411   0.274179
  0.860000  -0.999592   0.274229
  0.861000  -0.999773   0.274279
  0.862000  -0.999955   0.274330
  0.863000  -1.000138   0.274380
  0.864000  -1.000323   0.274431
  0.865000  -1.000508   0.274482
  0.866000  -1.000694   0.274533
  0.867000  -1.000881   0.274585
  0.868000  -1.001069   0.274636
  0.869000  -1.001258   0.274688
  0.870000  -1.001448   0.274740
  0.871000  -1.001639   0.274793
  0.872000  -1.001831   0.274846
  0.873000  -1.002024   0.274898
  0.874000  -1.002218   0.274952
  0.875000  -1.002412   0.275005
  0.876000  -1.002608   0.275059
  0.877000  -1.002804   0.275112
  0.878000  -1.003002   0.275166
  0.879000  -1.003200   0.275221
  0.880000  -1.003399   0.275275
  0.881000  -1.003600   0.275330
  0.882000  -1.003801   0.275385
  0.883000  -1.004003   0.275440
  0.884000  -1.004206   0.275495
  0.885000  -1.004409   0.275551
  0.886000  -1.004614   0.275607
  0.887000  -1.004819   0.275663
  0.888000  -1.005026   0.275719
  0.889000  -1.005233   0.275776
  0.890000  -1.005441   0.275832
  0.891000  -1.005650   0.275889
  0.892000  -1.005860   0.275947
  0.893000  -1.006071   0.276004
  0.894000  -1.006282   0.276061
  0.895000  -1.006495   0.276119
  0.896000  -1.006708   0.276177
  0.897000  -1.006922   0.276235
  0.898000  -1.007137   0.276294
  0.899000  -1.007352   0.276352
  0.900000  -1.007569   0.276411
  0.901000  -1.007786   0.276470
  0.902000  -1.008005   0.276529
  0.903000  -1.008224   0.276589
  0.904000  -1.008443   0.276648
  0.905000  -1.008664   0.276708
  0.906000  -1.008886   0.276768
  0.907000  -1.009108   0.276828
  0.908000  -1.009331   0.276889
  0.909000  -1.009555   0.276949
  0.910000  -1.009779   0.277010
  0.911000  -1.010005   0.277071
  0.912000  -1.010231   0.277132
  0.913000  -1.010458   0.277194
  0.914000  -1.010686   0.277255
  0.915000  -1.010914   0.277317
  0.916000  -1.011143   0.277379
  0.917000  -1.011373   0.277441
  0.918000  -1.011604   0.277503
  0.919000  -1.011836   0.277566
  0.920000  -1.012068   0.277629
  0.921000  -1.012301   0.277691
  0.922000  -1.012535   0.277754
  0.923000  -1.012769   0.277818
  0.924000  -1.013005   0.277881
  0.925000  -1.013240   0.277945
  0.926000  -1.013477   0.278008
  0.927000  -1.013715   0.278072
  0.928000  -1.013953   0.278137
  0.929000  -1.014192   0.278201
  0.930000  -1.014431   0.278265
  0.931000  -1.014672   0.278330
  0.932000  -1.014913   0.278395
  0.933000  -1.015154   0.278460
  0.934000  -1.015397   0.278525
  0.935000  -1.015640   0.278590
  0.936000  -1.015884   0.278656
  0.937000  -1.016128   0.278722
  0.938000  -1.016373   0.278788
  0.939000  -1.016619   0.278854
  0.940000  -1.016866   0.278920
  0.941000  -1.017113   0.278986
  0.942000  -1.017361   0.279053
  0.943000  -1.017609   0.279119
  0.944000  -1.017859   0.279186
  0.945000  -1.018108   0.279253
  0.946000  -1.018359   0.279320
  0.947000  -1.018610   0.279388
  0.948000  -1.018862   0.279455
  0.949000  -1.019114   0.279523
  0.950000  -1.019368   0.279591
  0.951000  -1.019621   0.279659
  0.952000  -1.019876   0.279727
  0.953000  -1.020131   0.279795
  0.954000  -1.020387   0.279864
  0.955000  -1.020643   0.279932
  0.956000  -1.020900   0.280001
  0.957000  -1.021157   0.280070
  0.958000  -1.021415   0.280139
  0.959000  -1.021674   0.280208
  0.960000  -1.021934   0.280278
  0.961000  -1.022194   0.280347
  0.962000  -1.022454   0.280417
  0.963000  -1.022715   0.280487
  0.964000  -1.022977   0.280556
  0.965000  -1.023240   0.280627
  0.966000  -1.023503   0.280697
  0.967000  -1.023766   0.280767
  0.968000  -1.024030   0.280838
  0.969000  -1.024295   0.280908
  0.970000  -1.024561   0.280979
  0.971000  -1.024826   0.281050
  0.972000  -1.025093   0.281121
  0.973000  -1.025360   0.281193
  0.974000  -1.025628   0.281264
  0.975000  -1.025896   0.281335
  0.976000  -1.026165   0.281407
  0.977000  -1.026434   0.281479
  0.978000  -1.026704   0.281551
  0.979000  -1.026974   0.281623
  0.980000  -1.027245   0.281695
  0.981000  -1.027517   0.281767
  0.982000  -1.027789   0.281840
  0.983000  -1.028061   0.281912
  0.984000  -1.028334   0.281985
  0.985000  -1.028608   0.282058
  0.986000  -1.028882   0.282131
  0.987000  -1.029157   0.282204
  0.988000  -1.029432   0.282277
  0.989000  -1.029708   0.282351
  0.990000  -1.029984   0.282424
  0.991000  -1.030261   0.282498
  0.992000  -1.030538   0.282572
  0.993000  -1.030816   0.282645
  0.994000  -1.031094   0.282719
  0.995000  -1.031373   0.282794
  0.996000  -1.031652   0.282868
  0.997000  -1.031932   0.282942
  0.998000  -1.032212   0.283017
  0.999000  -1.032493   0.283091
  1.000000  -1.032774   0.283166
  1.001000  -1.033056   0.283241
  1.002000  -1.033338   0.283316
  1.003000  -1.033621   0.283391
  1.004000  -1.033904   0.283466
  1.005000  -1.034188   0.283541
  1.006000  -1.034472   0.283617
  1.007000  -1.034757   0.283692
  1.008000  -1.035042   0.283768
  1.009000  -1.035328   0.283844
  1.010000  -1.035614   0.283919
  1.011000  -1.035900   0.283995
  1.012000  -1.036187   0.284072
  1.013000  -1.036474   0.284148
  1.014000  -1.036762   0.284224
  1.015000  -1.037050   0.284300
  1.016000  -1.037339   0.284377
  1.017000  -1.037628   0.284454
  1.018000  -1.037918   0.284530
  1.019000  -1.038208   0.284607
  1.020000  -1.038498   0.284684
  1.021000  -1.038789   0.284761
  1.022000  -1.039081   0.284838
  1.023000  -1.039372   0.284916
  1.024000  -1.039664   0.284993
  1.025000  -1.039957   0.285070
  1.026000  -1.040250   0.285148
  1.027000  -1.040543   0.285226
  1.028000  -1.040837   0.285303
  1.029000  -1.041131   0.285381
  1.030000  -1.041426   0.285459
  1.031000  -1.041721   0.285537
  1.032000  -1.042017   0.285615
  1.033000  -1.042312   0.285694
  1.034000  -1.042609   0.285772
  1.035000  -1.042905   0.285850
  1.036000  -1.043202   0.285929
  1.037000  -1.043500   0.286008
  1.038000  -1.043798   0.286086
  1.039000  -1.044096   0.286165
  1.040000  -1.044394   0.286244
  1.041000  -1.044693   0.286323
  1.042000  -1.044993   0.286402
  1.043000  -1.045292   0.286481
  1.044000  -1.045592   0.286560
  1.045000  -1.045893   0.286640
  1.046000  -1.046194   0.286719
  1.047000  -1.046495   0.286799
  1.048000  -1.046796   0.286878
  1.049000  -1.047098   0.286958
  1.050000  -1.047400   0.287038
  1.051000  -1.047703   0.287118
  1.052000  -1.048006   0.287198
  1.053000  -1.048309   0.287278
  1.054000  -1.048613   0.287358
  1.055000  -1.048917   0.287438
  1.056000  -1.049221   0.287518
  1.057000  -1.049526   0.287599
  1.058000  -1.049831   0.287679
  1.059000  -1.050136   0.287760
  1.060000  -1.050442   0.287840
  1.061000  -1.050748   0.287921
  1.062000  -1.051054   0.288002
  1.063000  -1.051361   0.288083
  1.064000  -1.051668   0.288163
  1.065000  -1.051975   0.288244
  1.066000  -1.052282   0.288326
  1.067000  -1.052590   0.288407
  1.068000  -1.052898   0.288488
  1.069000  -1.053207   0.288569
  1.070000  -1.053516   0.288651
  1.071000  -1.053825   0.288732
  1.072000  -1.054134   0.288813
  1.073000  -1.054444   0.288895
  1.074000  -1.054754   0.288977
  1.075000  -1.055065   0.289058
  1.076000  -1.055375   0.289140
  1.077000  -1.055686   0.289222
  1.078000  -1.055997   0.289304
  1.079000  -1.056309   0.289386
  1.080000  -1.056621   0.289468
  1.081000  -1.056933   0.289550
  1.082000  -1.057245   0.289632
  1.083000  -1.057558   0.289715
  1.084000  -1.057871   0.289797
  1.085000  -1.058184   0.289879
  1.086000  -1.058497   0.289962
  1.087000  -1.058811   0.290044
  1.088000  -1.059125   0.290127
  1.089000  -1.059439   0.290210
  1.090000  -1.059754   0.290292
  1.091000  -1.060069   0.290375
  1.092000  -1.060384   0.290458
  1.093000  -1.060699   0.290541
  1.094000  -1.061015   0.290624
  1.095000  -1.061330   0.290707
  1.096000  -1.061646   0.290790
  1.097000  -1.061963   0.290873
  1.098000  -1.062279   0.290956
  1.099000  -1.062596   0.291039
  1.100000  -1.062913   0.291123
  1.101000  -1.063231   0.291206
  1.102000  -1.063548   0.291290
  1.103000  -1.063866   0.291373
  1.104000  -1.064184   0.291457
  1.105000  -1.064502   0.291540
  1.106000  -1.064821   0.291624
  1.107000  -1.065139   0.291707
  1.108000  -1.065458   0.291791
  1.109000  -1.065777   0.291875
  1.110000  -1.066097   0.291959
  1.111000  -1.066416   0.292043
  1.112000  -1.066736   0.292127
  1.113000  -1.067056   0.292211
  1.114000  -1.067376   0.292295
  1.115000  -1.067697   0.292379
  1.116000  -1.068017   0.292463
  1.117000  -1.068338   0.292547
  1.118000  -1.068659   0.292631
  1.119000  -1.068981   0.292716
  1.120000  -1.069302   0.292800
  1.121000  -1.069624   0.292884
  1.122000  -1.069946   0.292969
  1.123000  -1.070268   0.293053
  1.124000  -1.070590   0.293138
  1.125000  -1.070913   0.293222
  1.126000  -1.071235   0.293307
  1.127000  -1.071558   0.293392
  1.128000  -1.071881   0.293476
  1.129000  -1.072204   0.293561
  1.130000  -1.072528   0.293646
  1.131000  -1.072851   0.293731
  1.132000  -1.073175   0.293816
  1.133000  -1.073499   0.293901
  1.134000  -1.073823   0.293986
  1.135000  -1.074147   0.294071
  1.136000  -1.074472   0.294156
  1.137000  -1.074797   0.294241
  1.138000  -1.075121   0.294326
  1.139000  -1.075446   0.294411
  1.140000  -1.075771   0.294496
  1.141000  -1.076097   0.294581
  1.142000  -1.076422   0.294666
  1.143000  -1.076748   0.294752
  1.144000  -1.077074   0.294837
  1.145000  -1.077400   0.294922
  1.146000  -1.077726   0.295008
  1.147000  -1.078052   0.295093
  1.148000  -1.078378   0.295179
  1.149000  -1.078705   0.295264
  1.150000  -1.079032   0.295350
  1.151000  -1.079358   0.295435
  1.152000  -1.079685   0.295521
  1.153000  -1.080012   0.295607
  1.154000  -1.080340   0.295692
  1.155000  -1.080667   0.295778
  1.156000  -1.080995   0.295864
  1.157000  -1.081322   0.295949
  1.158000  -1.081650   0.296035
  1.159000  -1.081978   0.296121
  1.160000  -1.082306   0.296207
  1.161000  -1.082634   0.296293
  1.162000  -1.082963   0.296379
  1.163000  -1.083291   0.296464
  1.164000  -1.083620   0.296550
  1.165000  -1.083948   0.296636
  1.166000  -1.084277   0.296722
  1.167000  -1.084606   0.296808
  1.168000  -1.084935   0.296894
  1.169000  -1.085264   0.296981
  1.170000  -1.085594   0.297067
  1.171000  -1.085923   0.297153
  1.172000  -1.086253   0.297239
  1.173000  -1.086582   0.297325
  1.174000  -1.086912   0.297411
  1.175000  -1.087242   0.297497
  1.176000  -1.087572   0.297584
  1.177000  -1.087902   0.297670
  1.178000  -1.088232   0.297756
  1.179000  -1.088562   0.297843
  1.180000  -1.088893   0.297929
  1.181000  -1.089223   0.298015
  1.182000  -1.089554   0.298102
  1.183000  -1.089884   0.298188
  1.184000  -1.090215   0.298274
  1.185000  -1.090546   0.298361
  1.186000  -1.090877   0.298447
  1.187000  -1.091208   0.298534
  1.188000  -1.091539   0.298620
  1.189000  -1.091870   0.298707
  1.190000  -1.092201   0.298793
  1.191000  -1.092532   0.298880
  1.192000  -1.092864   0.298966
  1.193000  -1.093195   0.299053
  1.194000  -1.093527   0.299139
  1.195000  -1.093858   0.299226
  1.196000  -1.094190   0.299313
  1.197000  -1.094522   0.299399
  1.198000  -1.094854   0.299486
  1.199000  -1.095186   0.299573
  1.200000  -1.095517   0.299659
  1.201000  -1.095850   0.299746
  1.202000  -1.096182   0.299833
  1.203000  -1.096514   0.299919
  1.204000  -1.096846   0.300006
  1.205000  -1.097178   0.300093
  1.206000  -1.097511   0.300179
  1.207000  -1.097843   0.300266
  1.208000  -1.098176   0.300353
  1.209000  -1.098508   0.300440
  1.210000  -1.098841   0.300526
  1.211000  -1.099173   0.300613
  1.212000  -1.099506   0.300700
  1.213000  -1.099839   0.300787
  1.214000  -1.100171   0.300874
  1.215000  -1.100504   0.300960
  1.216000  -1.100837   0.301047
  1.217000  -1.101170   0.301134
  1.218000  -1.101503   0.301221
  1.219000  -1.101836   0.301308
  1.220000  -1.102169   0.301395
  1.221000  -1.102502   0.301481
  1.222000  -1.102835   0.301568
  1.223000  -1.103168   0.301655
  1.224000  -1.103501   0.301742
  1.225000  -1.103835   0.301829
  1.226000  -1.104168   0.301916
  1.227000  -1.104501   0.302003
  1.228000  -1.104835   0.302090
  1.229000  -1.105168   0.302176
  1.230000  -1.105501   0.302263
  1.231000  -1.105835   0.302350
  1.232000  -1.106168   0.302437
  1.233000  -1.106501   0.302524
  1.234000  -1.106835   0.302611
  1.235000  -1.107168   0.302698
  1.236000  -1.107502   0.302785
  1.237000  -1.107835   0.302872
  1.238000  -1.108169   0.302959
  1.239000  -1.108502   0.303046
  1.240000  -1.108836   0.303132
  1.241000  -1.109169   0.303219
  1.242000  -1.109503   0.303306
  1.243000  -1.109837   0.303393
  1.244000  -1.110170   0.303480
  1.245000  -1.110504   0.303567
  1.246000  -1.110837   0.303654
  1.247000  -1.111171   0.303741
  1.248000  -1.111505   0.303828
  1.249000  -1.111838   0.303915
  1.250000  -1.112172   0.304001
  1.251000  -1.112505   0.304088
  1.252000  -1.112839   0.304175
  1.253000  -1.113173   0.304262
  1.254000  -1.113506   0.304349
  1.255000  -1.113840   0.304436
  1.256000  -1.114174   0.304523
  1.257000  -1.114507   0.304610
  1.258000  -1.114841   0.304696
  1.259000  -1.115174   0.304783
  1.260000  -1.115508   0.304870
  1.261000  -1.115841   0.304957
  1.262000  -1.116175   0.305044
  1.263000  -1.116508   0.305131
  1.264000  -1.116842   0.305217
  1.265000  -1.117175   0.305304
  1.266000  -1.117509   0.305391
  1.267000  -1.117842   0.305478
  1.268000  -1.118176   0.305565
  1.269000  -1.118509   0.305651
  1.270000  -1.118843   0.305738
  1.271000  -1.119176   0.305825
  1.272000  -1.119509   0.305912
  1.273000  -1.119843   0.305998
  1.274000  -1.120176   0.306085
  1.275000  -1.120509   0.306172
  1.276000  -1.120843   0.306258
  1.277000  -1.121176   0.306345
  1.278000  -1.121509   0.306432
  1.279000  -1.121842   0.306519
  1.280000  -1.122175   0.306605
  1.281000  -1.122508   0.306692
  1.282000  -1.122841   0.306778
  1.283000  -1.123174   0.306865
  1.284000  -1.123507   0.306952
  1.285000  -1.123840   0.307038
  1.286000  -1.124173   0.307125
  1.287000  -1.124506   0.307211
  1.288000  -1.124839   0.307298
  1.289000  -1.125172   0.307385
  1.290000  -1.125504   0.307471
  1.291000  -1.125837   0.307558
  1.292000  -1.126170   0.307644
  1.293000  -1.126502   0.307731
  1.294000  -1.126835   0.307817
  1.295000  -1.127167   0.307904
  1.296000  -1.127500   0.307990
  1.297000  -1.127832   0.308076
  1.298000  -1.128165   0.308163
  1.299000  -1.128497   0.308249
  1.300000  -1.128829   0.308336
  1.301000  -1.129161   0.308422
  1.302000  -1.129494   0.308508
  1.303000  -1.129826   0.308595
  1.304000  -1.130158   0.308681
  1.305000  -1.130490   0.308767
  1.306000  -1.130822   0.308853
  1.307000  -1.131153   0.308940
  1.308000  -1.131485   0.309026
  1.309000  -1.131817   0.309112
  1.310000  -1.132149   0.309198
  1.311000  -1.132480   0.309285
  1.312000  -1.132812   0.309371
  1.313000  -1.133143   0.309457
  1.314000  -1.133475   0.309543
  1.315000  -1.133806   0.309629
  1.316000  -1.134137   0.309715
  1.317000  -1.134468   0.309801
  1.318000  -1.134800   0.309887
  1.319000  -1.135131   0.309973
  1.320000  -1.135462   0.310059
  1.321000  -1.135792   0.310145
  1.322000  -1.136123   0.310231
  1.323000  -1.136454   0.310317
  1.324000  -1.136785   0.310403
  1.325000  -1.137115   0.310489
  1.326000  -1.137446   0.310575
  1.327000  -1.137776   0.310661
  1.328000  -1.138107   0.310746
  1.329000  -1.138437   0.310832
  1.330000  -1.138767   0.310918
  1.331000  -1.139097   0.311004
  1.332000  -1.139427   0.311089
  1.333000  -1.139757   0.311175
  1.334000  -1.140087   0.311261
  1.335000  -1.140417   0.311346
  1.336000  -1.140747   0.311432
  1.337000  -1.141076   0.311518
  1.338000  -1.141406   0.311603
  1.339000  -1.141735   0.311689
  1.340000  -1.142065   0.311774
  1.341000  -1.142394   0.311860
  1.342000  -1.142723   0.311945
  1.343000  -1.143052   0.312031
  1.344000  -1.143381   0.312116
  1.345000  -1.143710   0.312202
  1.346000  -1.144039   0.312287
  1.347000  -1.144368   0.312372
  1.348000  -1.144696   0.312458
  1.349000  -1.145025   0.312543
  1.350000  -1.145353   0.312628
  1.351000  -1.145682   0.312713
  1.352000  -1.146010   0.312799
  1.353000  -1.146338   0.312884
  1.354000  -1.146666   0.312969
  1.355000  -1.146994   0.313054
  1.356000  -1.147322   0.313139
  1.357000  -1.147650   0.313224
  1.358000  -1.147977   0.313309
  1.359000  -1.148305   0.313394
  1.360000  -1.148632   0.313479
  1.361000  -1.148959   0.313564
  1.362000  -1.149287   0.313649
  1.363000  -1.149614   0.313734
  1.364000  -1.149941   0.313819
  1.365000  -1.150268   0.313904
  1.366000  -1.150594   0.313988
  1.367000  -1.150921   0.314073
  1.368000  -1.151247   0.314158
  1.369000  -1.151574   0.314243
  1.370000  -1.151900   0.314327
  1.371000  -1.152226   0.314412
  1.372000  -1.152553   0.314497
  1.373000  -1.152878   0.314581
  1.374000  -1.153204   0.314666
  1.375000  -1.153530   0.314750
  1.376000  -1.153856   0.314835
  1.377000  -1.154181   0.314919
  1.378000  -1.154507   0.315004
  1.379000  -1.154832   0.315088
  1.380000  -1.155157   0.315172
  1.381000  -1.155482   0.315257
  1.382000  -1.155807   0.315341
  1.383000  -1.156132   0.315425
  1.384000  -1.156456   0.315509
  1.385000  -1.156781   0.315594
  1.386000  -1.157105   0.315678
  1.387000  -1.157430   0.315762
  1.388000  -1.157754   0.315846
  1.389000  -1.158078   0.315930
  1.390000  -1.158402   0.316014
  1.391000  -1.158726   0.316098
  1.392000  -1.159049   0.316182
  1.393000  -1.159373   0.316266
  1.394000  -1.159696   0.316350
  1.395000  -1.160019   0.316434
  1.396000  -1.160343   0.316517
  1.397000  -1.160666   0.316601
  1.398000  -1.160988   0.316685
  1.399000  -1.161311   0.316769
  1.400000  -1.161634   0.316852
  1.401000  -1.161956   0.316936
  1.402000  -1.162279   0.317020
  1.403000  -1.162601   0.317103
  1.404000  -1.162923   0.317187
  1.405000  -1.163245   0.317270
  1.406000  -1.163567   0.317354
  1.407000  -1.163888   0.317437
  1.408000  -1.164210   0.317520
  1.409000  -1.164531   0.317604
  1.410000  -1.164853   0.317687
  1.411000  -1.165174   0.317770
  1.412000  -1.165495   0.317853
  1.413000  -1.165816   0.317937
  1.414000  -1.166136   0.318020
  1.415000  -1.166457   0.318103
  1.416000  -1.166777   0.318186
  1.417000  -1.167097   0.318269
  1.418000  -1.167418   0.318352
  1.419000  -1.167738   0.318435
  1.420000  -1.168057   0.318518
  1.421000  -1.168377   0.318601
  1.422000  -1.168697   0.318684
  1.423000  -1.169016   0.318766
  1.424000  -1.169335   0.318849
  1.425000  -1.169654   0.318932
  1.426000  -1.169973   0.319015
  1.427000  -1.170292   0.319097
  1.428000  -1.170611   0.319180
  1.429000  -1.170929   0.319262
  1.430000  -1.171248   0.319345
  1.431000  -1.171566   0.319427
  1.432000  -1.171884   0.319510
  1.433000  -1.172202   0.319592
  1.434000  -1.172519   0.319675
  1.435000  -1.172837   0.319757
  1.436000  -1.173155   0.319839
  1.437000  -1.173472   0.319922
  1.438000  -1.173789   0.320004
  1.439000  -1.174106   0.320086
  1.440000  -1.174423   0.320168
  1.441000  -1.174739   0.320250
  1.442000  -1.175056   0.320332
  1.443000  -1.175372   0.320414
  1.444000  -1.175688   0.320496
  1.445000  -1.176004   0.320578
  1.446000  -1.176320   0.320660
  1.447000  -1.176636   0.320742
  1.448000  -1.176952   0.320823
  1.449000  -1.177267   0.320905
  1.450000  -1.177582   0.320987
  1.451000  -1.177897   0.321069
  1.452000  -1.178212   0.321150
  1.453000  -1.178527   0.321232
  1.454000  -1.178842   0.321313
  1.455000  -1.179156   0.321395
  1.456000  -1.179470   0.321476
  1.457000  -1.179784   0.321558
  1.458000  -1.180098   0.321639
  1.459000  -1.180412   0.321720
  1.460000  -1.180726   0.321802
  1.461000  -1.181039   0.321883
  1.462000  -1.181352   0.321964
  1.463000  -1.181666   0.322045
  1.464000  -1.181978   0.322126
  1.465000  -1.182291   0.322207
  1.466000  -1.182604   0.322288
  1.467000  -1.182916   0.322369
  1.468000  -1.183229   0.322450
  1.469000  -1.183541   0.322531
  1.470000  -1.183853   0.322612
  1.471000  -1.184164   0.322693
  1.472000  -1.184476   0.322773
  1.473000  -1.184787   0.322854
  1.474000  -1.185099   0.322935
  1.475000  -1.185410   0.323015
  1.476000  -1.185721   0.323096
  1.477000  -1.186031   0.323176
  1.478000  -1.186342   0.323257
  1.479000  -1.186652   0.323337
  1.480000  -1.186962   0.323418
  1.481000  -1.187272   0.323498
  1.482000  -1.187582   0.323578
  1.483000  -1.187892   0.323659
  1.484000  -1.188201   0.323739
  1.485000  -1.188511   0.323819
  1.486000  -1.188820   0.323899
  1.487000  -1.189129   0.323979
  1.488000  -1.189438   0.324059
  1.489000  -1.189746   0.324139
  1.490000  -1.190055   0.324219
  1.491000  -1.190363   0.324299
  1.492000  -1.190671   0.324379
  1.493000  -1.190979   0.324458
  1.494000  -1.191287   0.324538
  1.495000  -1.191594   0.324618
  1.496000  -1.191902   0.324698
  1.497000  -1.192209   0.324777
  1.498000  -1.192516   0.324857
  1.499000  -1.192823   0.324936
  1.500000  -1.193129   0.325016
  1.501000  -1.193436   0.325095
  1.502000  -1.193742   0.325174
  1.503000  -1.194048   0.325254
  1.504000  -1.194354   0.325333
  1.505000  -1.194660   0.325412
  1.506000  -1.194965   0.325491
  1.507000  -1.195271   0.325570
  1.508000  -1.195576   0.325650
  1.509000  -1.195881   0.325729
  1.510000  -1.196186   0.325808
  1.511000  -1.196490   0.325886
  1.512000  -1.196795   0.325965
  1.513000  -1.197099   0.326044
  1.514000  -1.197403   0.326123
  1.515000  -1.197707   0.326202
  1.516000  -1.198011   0.326280
  1.517000  -1.198314   0.326359
  1.518000  -1.198617   0.326438
  1.519000  -1.198921   0.326516
  1.520000  -1.199223   0.326595
  1.521000  -1.199526   0.326673
  1.522000  -1.199829   0.326751
  1.523000  -1.200131   0.326830
  1.524000  -1.200433   0.326908
  1.525000  -1.200735   0.326986
  1.526000  -1.201037   0.327065
  1.527000  -1.201339   0.327143
  1.528000  -1.201640   0.327221
  1.529000  -1.201941   0.327299
  1.530000  -1.202242   0.327377
  1.531000  -1.202543   0.327455
  1.532000  -1.202844   0.327533
  1.533000  -1.203144   0.327610
  1.534000  -1.203445   0.327688
  1.535000  -1.203745   0.327766
  1.536000  -1.204044   0.327844
  1.537000  -1.204344   0.327921
  1.538000  -1.204644   0.327999
  1.539000  -1.204943   0.328077
  1.540000  -1.205242   0.328154
  1.541000  -1.205541   0.328231
  1.542000  -1.205840   0.328309
  1.543000  -1.206138   0.328386
  1.544000  -1.206436   0.328464
  1.545000  -1.206735   0.328541
  1.546000  -1.207032   0.328618
  1.547000  -1.207330   0.328695
  1.548000  -1.207628   0.328772
  1.549000  -1.207925   0.328849
  1.550000  -1.208222   0.328926
  1.551000  -1.208519   0.329003
  1.552000  -1.208816   0.329080
  1.553000  -1.209112   0.329157
  1.554000  -1.209409   0.329234
  1.555000  -1.209705   0.329310
  1.556000  -1.210001   0.329387
  1.557000  -1.210297   0.329464
  1.558000  -1.210592   0.329540
  1.559000  -1.210887   0.329617
  1.560000  -1.211183   0.329693
  1.561000  -1.211477   0.329770
  1.562000  -1.211772   0.329846
  1.563000  -1.212067   0.329922
  1.564000  -1.212361   0.329999
  1.565000  -1.212655   0.330075
  1.566000  -1.212949   0.330151
  1.567000  -1.213243   0.330227
  1.568000  -1.213536   0.330303
  1.569000  -1.213830   0.330379
  1.570000  -1.214123   0.330455
  1.571000  -1.214416   0.330531
  1.572000  -1.214709   0.330607
  1.573000  -1.215001   0.330683
  1.574000  -1.215293   0.330759
  1.575000  -1.215586   0.330834
  1.576000  -1.215877   0.330910
  1.577000  -1.216169   0.330986
  1.578000  -1.216461   0.331061
  1.579000  -1.216752   0.331137
  1.580000  -1.217043   0.331212
  1.581000  -1.217334   0.331288
  1.582000  -1.217625   0.331363
  1.583000  -1.217915   0.331438
  1.584000  -1.218205   0.331513
  1.585000  -1.218495   0.331589
  1.586000  -1.218785   0.331664
  1.587000  -1.219075   0.331739
  1.588000  -1.219364   0.331814
  1.589000  -1.219654   0.331889
  1.590000  -1.219943   0.331964
  1.591000  -1.220232   0.332039
  1.592000  -1.220520   0.332113
  1.593000  -1.220809   0.332188
  1.594000  -1.221097   0.332263
  1.595000  -1.221385   0.332338
  1.596000  -1.221673   0.332412
  1.597000  -1.221960   0.332487
  1.598000  -1.222248   0.332561
  1.599000  -1.222535   0.332636
  1.600000  -1.222822   0.332710